1111111111111111111111111
1000000000000000000000001
1010111110110110111110101
1010100010000000100010101
1000001010111110101000001
1010111000010100001110101
1010100011000001100010101
1010101111011101111010101
1010001000001000001000101
1010101010100010101010101
1010101010110110101010101
1010101010100010101010101
1010101010111110101010101
1010100010000000100010101
1000111110111110111110001
1010000000000000000000101
1011110111110111110111101
1001000011000001100001001
1100011000011100001100011
1111111111111111111111111
